   1.2030000e+01
   1.3430000e+01
   1.3730000e+01
   1.6830000e+01
   1.7130000e+01
   1.9930000e+01
   2.2130000e+01
   2.3330000e+01
   2.2730000e+01
   1.8730000e+01
   1.3830000e+01
   1.0710000e+01
   1.1810000e+01
   1.1910000e+01
   1.4710000e+01
   1.4710000e+01
   1.6410000e+01
   2.2010000e+01
   2.3610000e+01
   2.2710000e+01
   2.1910000e+01
   1.9110000e+01
   1.7510000e+01
   1.4100000e+01
   1.2500000e+01
   1.3200000e+01
   1.4700000e+01
   1.6500000e+01
   1.8100000e+01
   2.0300000e+01
   2.0700000e+01
   2.3300000e+01
   2.2300000e+01
   1.7600000e+01
   1.4200000e+01
   1.1680000e+01
   1.0780000e+01
   1.0980000e+01
   1.5780000e+01
   1.4580000e+01
   1.5780000e+01
   2.1380000e+01
   2.1080000e+01
   2.2480000e+01
   2.2980000e+01
   1.9880000e+01
   1.6680000e+01
   1.2370000e+01
   1.1270000e+01
   1.1770000e+01
   1.2370000e+01
   1.7470000e+01
   1.4870000e+01
   2.0170000e+01
   2.1870000e+01
   2.3070000e+01
   2.1870000e+01
   1.7970000e+01
   1.4770000e+01
   1.2760000e+01
   9.8600000e+00
   1.3660000e+01
   1.3460000e+01
   1.5760000e+01
   1.6160000e+01
   2.0260000e+01
   2.2460000e+01
   2.2760000e+01
   2.3760000e+01
   2.0360000e+01
   1.4460000e+01
   1.2240000e+01
   1.1540000e+01
   1.1940000e+01
   1.3340000e+01
   1.2940000e+01
   1.8240000e+01
   2.0540000e+01
   2.3440000e+01
   2.1840000e+01
   2.2140000e+01
   1.9840000e+01
   1.4640000e+01
   1.1930000e+01
   1.1130000e+01
   1.2130000e+01
   1.5530000e+01
   1.6230000e+01
   1.8530000e+01
   2.1330000e+01
   2.3630000e+01
   2.3730000e+01
   2.4130000e+01
   1.6830000e+01
   1.4630000e+01
   1.3410000e+01
   1.2410000e+01
   1.2010000e+01
   1.4710000e+01
   1.5310000e+01
   1.6910000e+01
   1.9410000e+01
   2.2010000e+01
   2.2610000e+01
   2.3410000e+01
   1.8910000e+01
   1.5210000e+01
   1.1100000e+01
   1.0800000e+01
   1.3100000e+01
   1.5100000e+01
   1.3900000e+01
   1.8900000e+01
   2.1600000e+01
   2.5100000e+01
   2.3400000e+01
   2.1600000e+01
   2.0300000e+01
   1.5600000e+01
   1.4280000e+01
   1.1180000e+01
   1.4380000e+01
   1.5580000e+01
   1.4680000e+01
   1.9580000e+01
   2.0380000e+01
   2.4280000e+01
   2.4080000e+01
   2.2080000e+01
   1.8380000e+01
   1.4180000e+01
   1.0870000e+01
   1.0770000e+01
   1.1070000e+01
   1.3670000e+01
   1.5070000e+01
   1.9370000e+01
   2.0770000e+01
   2.3670000e+01
   2.4670000e+01
   2.2970000e+01
   1.6970000e+01
   1.4370000e+01
   1.1650000e+01
   9.5500000e+00
   1.1750000e+01
   1.5250000e+01
   1.6250000e+01
   1.9250000e+01
   1.8650000e+01
   2.3150000e+01
   2.3950000e+01
   2.0850000e+01
   1.6250000e+01
   1.5450000e+01
   1.2540000e+01
   1.0640000e+01
   1.2440000e+01
   1.3940000e+01
   1.4540000e+01
   1.6240000e+01
   2.0740000e+01
   2.4453005e+01
   2.2640000e+01
   1.9340000e+01
   1.5940000e+01
   1.3540000e+01
   1.2330000e+01
   1.1630000e+01
   1.1630000e+01
   1.6030000e+01
   1.5530000e+01
   1.6630000e+01
   2.1530000e+01
   2.1730000e+01
   2.2730000e+01
   2.0930000e+01
   1.8730000e+01
   1.5130000e+01
   1.3010000e+01
   1.2710000e+01
   1.3410000e+01
   1.5310000e+01
   1.7110000e+01
   1.9210000e+01
   2.0810000e+01
   2.3410000e+01
   2.4510000e+01
   2.0710000e+01
   2.0310000e+01
   1.6810000e+01
   1.3300000e+01
   1.2600000e+01
   1.1300000e+01
   1.3900000e+01
   1.6500000e+01
   1.7200000e+01
   1.5906061e+01
   2.3400000e+01
   2.1700000e+01
   2.0700000e+01
   1.8600000e+01
   1.4700000e+01
   1.2680000e+01
   1.1480000e+01
   1.4580000e+01
   1.8580000e+01
   1.8580000e+01
   1.7480000e+01
   1.8980000e+01
   2.2780000e+01
   2.2380000e+01
   2.2680000e+01
   1.9980000e+01
   1.5880000e+01
   1.3170000e+01
   1.2670000e+01
   1.4270000e+01
   1.6370000e+01
   1.4470000e+01
   1.7170000e+01
   2.0470000e+01
   2.2670000e+01
   2.3670000e+01
   2.1370000e+01
   1.8270000e+01
   1.5570000e+01
   1.0750000e+01
   1.1350000e+01
   1.1850000e+01
   1.4650000e+01
   1.6450000e+01
   1.7950000e+01
   2.0750000e+01
   2.3150000e+01
   2.2750000e+01
   2.1150000e+01
   1.8050000e+01
   1.3550000e+01
   1.2140000e+01
   9.4400000e+00
   1.4240000e+01
   1.5640000e+01
   1.3840000e+01
   1.7940000e+01
   2.2040000e+01
   2.2440000e+01
   2.3640000e+01
   2.1840000e+01
   1.8240000e+01
   1.4240000e+01
   1.3920000e+01
   1.2420000e+01
   1.2920000e+01
   1.5040000e+01
   1.6140000e+01
   1.8140000e+01
   2.1540000e+01
   2.1640000e+01
   2.2640000e+01
   2.1340000e+01
   1.8940000e+01
   1.3640000e+01
   1.0430000e+01
   1.2730000e+01
   1.3630000e+01
   1.5130000e+01
   1.5730000e+01
   1.7030000e+01
   1.9930000e+01
   2.2030000e+01
   2.2330000e+01
   2.0330000e+01
   1.9230000e+01
   1.5130000e+01
   1.3920000e+01
   1.1720000e+01
   1.2220000e+01
   1.4920000e+01
   1.5620000e+01
   1.9620000e+01
   2.1920000e+01
   2.2520000e+01
   2.4720000e+01
   2.2820000e+01
   1.7820000e+01
   1.4920000e+01
   1.1700000e+01
   1.2800000e+01
   1.2200000e+01
   1.3300000e+01
   1.5800000e+01
   1.8100000e+01
   2.3100000e+01
   2.3600000e+01
   2.3300000e+01
   2.1900000e+01
   1.8300000e+01
   1.4100000e+01
   1.1890000e+01
   1.0790000e+01
   1.0690000e+01
   1.4190000e+01
   1.6090000e+01
   1.8790000e+01
   2.2990000e+01
   2.1590000e+01
   2.4490000e+01
   2.1890000e+01
   1.9190000e+01
   1.3890000e+01
   1.2170000e+01
   1.0370000e+01
   1.1370000e+01
   1.4270000e+01
   1.6970000e+01
   1.9770000e+01
   2.1270000e+01
   2.4070000e+01
   2.4470000e+01
   2.2270000e+01
   1.9770000e+01
   1.6970000e+01
   1.1760000e+01
   1.1360000e+01
   1.3360000e+01
   1.4560000e+01
   1.6060000e+01
   1.0113921e+01
   1.9760000e+01
   2.2360000e+01
   2.2260000e+01
   2.1660000e+01
   1.9460000e+01
   1.5160000e+01
   1.1840000e+01
   1.3440000e+01
   1.3940000e+01
   1.4040000e+01
   1.6740000e+01
   1.6840000e+01
   2.1840000e+01
   2.2340000e+01
   2.1940000e+01
   2.0840000e+01
   1.8040000e+01
   1.3240000e+01
   1.1530000e+01
   1.0830000e+01
   1.2430000e+01
   1.6230000e+01
   1.4630000e+01
   1.8630000e+01
   2.1930000e+01
   2.2030000e+01
   2.3630000e+01
   2.1830000e+01
   2.0630000e+01
   1.5930000e+01
   1.2420000e+01
   1.1620000e+01
   1.1220000e+01
   1.3520000e+01
   1.7220000e+01
   1.8220000e+01
   2.0520000e+01
   2.4320000e+01
   2.5120000e+01
   2.2120000e+01
   1.7620000e+01
   1.4020000e+01
   1.1420000e+01
   1.1300000e+01
   1.2800000e+01
   1.3800000e+01
   1.8800000e+01
   2.0600000e+01
   2.1300000e+01
   2.1400000e+01
   2.2200000e+01
   2.2000000e+01
   2.0800000e+01
   1.4800000e+01
   1.2290000e+01
   1.1790000e+01
   1.1090000e+01
   1.5590000e+01
   1.3890000e+01
   1.9390000e+01
   2.0990000e+01
   2.1990000e+01
   2.2890000e+01
   2.2690000e+01
   1.8090000e+01
   1.3690000e+01
   9.4944444e+00
   1.2270000e+01
   1.1370000e+01
   1.2770000e+01
   1.5470000e+01
   1.6870000e+01
   2.0570000e+01
   2.3170000e+01
   2.4070000e+01
   2.2170000e+01
   1.8970000e+01
   1.3970000e+01
   1.1760000e+01
   1.2660000e+01
   1.2060000e+01
   1.3760000e+01
   1.6060000e+01
   1.8560000e+01
   2.0560000e+01
   2.2060000e+01
   2.2260000e+01
   2.1560000e+01
   2.0860000e+01
   1.5160000e+01
   1.1640000e+01
   1.0940000e+01
   1.1240000e+01
   1.4040000e+01
   1.6740000e+01
   2.0140000e+01
   2.2240000e+01
   2.2740000e+01
   2.2840000e+01
   2.0540000e+01
   1.8540000e+01
   1.6040000e+01
   1.3930000e+01
   1.3530000e+01
   1.2630000e+01
   1.2830000e+01
   1.4630000e+01
   1.7230000e+01
   2.1630000e+01
   2.4330000e+01
   2.4730000e+01
   2.2630000e+01
   1.8930000e+01
   1.4730000e+01
   1.2810000e+01
   1.1110000e+01
   1.3210000e+01
   1.4410000e+01
   1.8310000e+01
   1.9710000e+01
   2.2710000e+01
   2.2710000e+01
   2.3210000e+01
   2.1010000e+01
   2.1310000e+01
   1.5110000e+01
   1.2200000e+01
   1.2100000e+01
   1.1700000e+01
   1.2700000e+01
   1.4800000e+01
   1.7400000e+01
   1.9900000e+01
   2.1200000e+01
   2.4900000e+01
   2.3700000e+01
   1.8900000e+01
   1.4100000e+01
   9.3000000e+00
  -5.0519448e+00
  -3.6525998e+00
  -3.3532548e+00
  -2.5390977e-01
   4.5435224e-02
   2.8447802e+00
   5.0441252e+00
   6.2434702e+00
   5.6428152e+00
   1.6421602e+00
  -3.2584948e+00
  -6.3791498e+00
  -5.2798048e+00
  -5.1804598e+00
  -2.3811148e+00
  -2.3817698e+00
  -6.8242480e-01
   4.9169202e+00
   6.5162652e+00
   5.6156102e+00
   4.8149552e+00
   2.0143002e+00
   4.1364519e-01
  -2.9970098e+00
  -4.5976648e+00
  -3.8983198e+00
  -2.3989748e+00
  -5.9962982e-01
   9.9971518e-01
   3.1990602e+00
   3.5984052e+00
   6.1977502e+00
   5.1970952e+00
   4.9644017e-01
  -2.9042148e+00
  -5.4248698e+00
  -6.3255248e+00
  -6.1261798e+00
  -1.3268348e+00
  -2.5274898e+00
  -1.3281448e+00
   4.2712002e+00
   3.9705452e+00
   5.3698902e+00
   5.8692352e+00
   2.7685802e+00
  -4.3207485e-01
  -4.7427299e+00
  -5.8433849e+00
  -5.3440399e+00
  -4.7446949e+00
   3.5465014e-01
  -2.2460049e+00
   3.0533401e+00
   4.7526851e+00
   5.9520301e+00
   4.7513751e+00
   8.5072013e-01
  -2.3499349e+00
  -4.3605899e+00
  -7.2612449e+00
  -3.4618999e+00
  -3.6625549e+00
  -1.3632099e+00
  -9.6386488e-01
   3.1354801e+00
   5.3348251e+00
   5.6341701e+00
   6.6335151e+00
   3.2328601e+00
  -2.6677949e+00
  -4.8884499e+00
  -5.5891049e+00
  -5.1897599e+00
  -3.7904149e+00
  -4.1910699e+00
   1.1082751e+00
   3.4076201e+00
   6.3069651e+00
   4.7063101e+00
   5.0056551e+00
   2.7050001e+00
  -2.4956549e+00
  -5.2063099e+00
  -6.0069649e+00
  -5.0076199e+00
  -1.6082749e+00
  -9.0892992e-01
   1.3904151e+00
   4.1897601e+00
   6.4891051e+00
   6.5884501e+00
   6.9877951e+00
  -3.1285993e-01
  -2.5135149e+00
  -3.7341699e+00
  -4.7348249e+00
  -5.1354799e+00
  -2.4361349e+00
  -1.8367899e+00
  -2.3744494e-01
   2.2619001e+00
   4.8612451e+00
   5.4605901e+00
   6.2599351e+00
   1.7592800e+00
  -1.9413750e+00
  -6.0520300e+00
  -6.3526850e+00
  -4.0533400e+00
  -2.0539950e+00
  -3.2546500e+00
   1.7446950e+00
   4.4440400e+00
   7.9433850e+00
   6.2427300e+00
   4.4420750e+00
   3.1414200e+00
  -1.5592350e+00
  -2.8798900e+00
  -5.9805450e+00
  -2.7812000e+00
  -1.5818550e+00
  -2.4825100e+00
   2.4168350e+00
   3.2161800e+00
   7.1155250e+00
   6.9148700e+00
   4.9142150e+00
   1.2135600e+00
  -2.9870950e+00
  -6.2977500e+00
  -6.3984050e+00
  -6.0990600e+00
  -3.4997150e+00
  -2.1003700e+00
   2.1989750e+00
   3.5983200e+00
   6.4976650e+00
   7.4970100e+00
   5.7963550e+00
  -2.0430001e-01
  -2.8049550e+00
  -5.5256100e+00
  -7.6262650e+00
  -5.4269200e+00
  -1.9275750e+00
  -9.2823002e-01
   2.0711150e+00
   1.4704600e+00
   5.9698050e+00
   6.7691500e+00
   3.6684950e+00
  -9.3216003e-01
  -1.7328150e+00
  -4.6434700e+00
  -6.5441250e+00
  -4.7447800e+00
  -3.2454350e+00
  -2.6460900e+00
  -9.4674504e-01
   3.5526000e+00
   7.2649495e+00
   5.4512899e+00
   2.1506349e+00
  -1.2500201e+00
  -3.6506751e+00
  -4.8613301e+00
  -5.5619851e+00
  -5.5626401e+00
  -1.1632951e+00
  -1.6639501e+00
  -5.6460507e-01
   4.3347399e+00
   4.5340849e+00
   5.5334299e+00
   3.7327749e+00
   1.5321199e+00
  -2.0685351e+00
  -4.1891901e+00
  -4.4898451e+00
  -3.7905001e+00
  -1.8911551e+00
  -9.1810085e-02
   2.0075349e+00
   3.6068799e+00
   6.2062249e+00
   7.3055699e+00
   3.5049149e+00
   3.1042599e+00
  -3.9639510e-01
  -3.9070501e+00
  -4.6077051e+00
  -5.9083601e+00
  -3.3090151e+00
  -7.0967011e-01
  -1.0325107e-02
  -1.3049195e+00
   6.1883649e+00
   4.4877099e+00
   3.4870549e+00
   1.3863999e+00
  -2.5142551e+00
  -4.5349101e+00
  -5.7355651e+00
  -2.6362201e+00
   1.3631249e+00
   1.3624699e+00
   2.6181487e-01
   1.7611599e+00
   5.5605049e+00
   5.1598499e+00
   5.4591949e+00
   2.7585399e+00
  -1.3421151e+00
  -4.0527701e+00
  -4.5534251e+00
  -2.9540801e+00
  -8.5473514e-01
  -2.7553901e+00
  -5.6045148e-02
   3.2432998e+00
   5.4426448e+00
   6.4419898e+00
   4.1413348e+00
   1.0406798e+00
  -1.6599752e+00
  -6.4806302e+00
  -5.8812852e+00
  -5.3819402e+00
  -2.5825952e+00
  -7.8325017e-01
   7.1609483e-01
   3.5154398e+00
   5.9147848e+00
   5.5141298e+00
   3.9134748e+00
   8.1281982e-01
  -3.6878352e+00
  -5.0984902e+00
  -7.7991452e+00
  -2.9998002e+00
  -1.6004552e+00
  -3.4011102e+00
   6.9823481e-01
   4.7975798e+00
   5.1969248e+00
   6.3962698e+00
   4.5956148e+00
   9.9495980e-01
  -3.0056952e+00
  -3.3263502e+00
  -4.8270052e+00
  -4.3276602e+00
  -2.2083152e+00
  -1.1089702e+00
   8.9037479e-01
   4.2897198e+00
   4.3890648e+00
   5.3884098e+00
   4.0877548e+00
   1.6870998e+00
  -3.6135552e+00
  -6.8242102e+00
  -4.5248652e+00
  -3.6255202e+00
  -2.1261752e+00
  -1.5268302e+00
  -2.2748523e-01
   2.6718598e+00
   4.7712048e+00
   5.0705498e+00
   3.0698948e+00
   1.9692398e+00
  -2.1314152e+00
  -3.3420702e+00
  -5.5427252e+00
  -5.0433802e+00
  -2.3440352e+00
  -1.6446902e+00
   2.3546547e+00
   4.6539997e+00
   5.2533447e+00
   7.4526897e+00
   5.5520347e+00
   5.5137974e-01
  -2.3492753e+00
  -5.5699303e+00
  -4.4705853e+00
  -5.0712403e+00
  -3.9718953e+00
  -1.4725503e+00
   8.2679473e-01
   5.8261397e+00
   6.3254847e+00
   6.0248297e+00
   4.6241747e+00
   1.0235197e+00
  -3.1771353e+00
  -5.3877903e+00
  -6.4884453e+00
  -6.5891003e+00
  -3.0897553e+00
  -1.1904103e+00
   1.5089347e+00
   5.7082797e+00
   4.3076247e+00
   7.2069697e+00
   4.6063147e+00
   1.9056597e+00
  -3.3949953e+00
  -5.1156503e+00
  -6.9163053e+00
  -5.9169603e+00
  -3.0176153e+00
  -3.1827031e-01
   2.4810747e+00
   3.9804197e+00
   6.7797647e+00
   7.1791097e+00
   4.9784547e+00
   2.4777997e+00
  -3.2285532e-01
  -5.5335103e+00
  -5.9341653e+00
  -3.9348203e+00
  -2.7354753e+00
  -1.2361303e+00
  -7.1828646e+00
   2.4625597e+00
   5.0619047e+00
   4.9612497e+00
   4.3605947e+00
   2.1599397e+00
  -2.1407153e+00
  -5.4613703e+00
  -3.8620253e+00
  -3.3626803e+00
  -3.2633354e+00
  -5.6399035e-01
  -4.6464536e-01
   4.5346996e+00
   5.0340446e+00
   4.6333896e+00
   3.5327346e+00
   7.3207964e-01
  -4.0685754e+00
  -5.7792304e+00
  -6.4798854e+00
  -4.8805404e+00
  -1.0811954e+00
  -2.6818504e+00
   1.3174946e+00
   4.6168396e+00
   4.7161846e+00
   6.3155296e+00
   4.5148746e+00
   3.3142196e+00
  -1.3864354e+00
  -4.8970904e+00
  -5.6977454e+00
  -6.0984004e+00
  -3.7990554e+00
  -9.9710395e-02
   8.9963460e-01
   3.1989796e+00
   6.9983246e+00
   7.7976696e+00
   4.7970146e+00
   2.9635960e-01
  -3.3042954e+00
  -5.9049504e+00
  -6.0256054e+00
  -4.5262604e+00
  -3.5269154e+00
   1.4724296e+00
   3.2717746e+00
   3.9711196e+00
   4.0704646e+00
   4.8698096e+00
   4.6691546e+00
   3.4684996e+00
  -2.5321554e+00
  -5.0428104e+00
  -5.5434654e+00
  -6.2441204e+00
  -1.7447754e+00
  -3.4454304e+00
   2.0539146e+00
   3.6532596e+00
   4.6526046e+00
   5.5519496e+00
   5.3512946e+00
   7.5063955e-01
  -3.6500154e+00
  -7.8462260e+00
  -5.0713255e+00
  -5.9719805e+00
  -4.5726355e+00
  -1.8732905e+00
  -4.7394546e-01
   3.2253995e+00
   5.8247445e+00
   6.7240895e+00
   4.8234345e+00
   1.6227795e+00
  -3.3778755e+00
  -5.5885305e+00
  -4.6891855e+00
  -5.2898405e+00
  -3.5904955e+00
  -1.2911505e+00
   1.2081945e+00
   3.2075395e+00
   4.7068845e+00
   4.9062295e+00
   4.2055745e+00
   3.5049195e+00
  -2.1957355e+00
  -5.7163905e+00
  -6.4170455e+00
  -6.1177005e+00
  -3.3183555e+00
  -6.1901050e-01
   2.7803345e+00
   4.8796795e+00
   5.3790245e+00
   5.4783695e+00
   3.1777145e+00
   1.1770595e+00
  -1.3235955e+00
  -3.4342505e+00
  -3.8349055e+00
  -4.7355605e+00
  -4.5362155e+00
  -2.7368705e+00
  -1.3752552e-01
   4.2618195e+00
   6.9611645e+00
   7.3605095e+00
   5.2598545e+00
   1.5591995e+00
  -2.6414555e+00
  -4.5621105e+00
  -6.2627655e+00
  -4.1634205e+00
  -2.9640755e+00
   9.3526946e-01
   2.3346145e+00
   5.3339595e+00
   5.3333045e+00
   5.8326495e+00
   3.6319945e+00
   3.9313395e+00
  -2.2693156e+00
  -5.1799706e+00
  -5.2806256e+00
  -5.6812806e+00
  -4.6819356e+00
  -2.5825906e+00
   1.6754438e-02
   2.5160994e+00
   3.8154444e+00
   7.5147894e+00
   6.3141344e+00
   1.5134794e+00
  -3.2871756e+00
  -8.0878306e+00
   1.7081945e+01
   1.7082600e+01
   1.7083255e+01
   1.7083910e+01
   1.7084565e+01
   1.7085220e+01
   1.7085875e+01
   1.7086530e+01
   1.7087185e+01
   1.7087840e+01
   1.7088495e+01
   1.7089150e+01
   1.7089805e+01
   1.7090460e+01
   1.7091115e+01
   1.7091770e+01
   1.7092425e+01
   1.7093080e+01
   1.7093735e+01
   1.7094390e+01
   1.7095045e+01
   1.7095700e+01
   1.7096355e+01
   1.7097010e+01
   1.7097665e+01
   1.7098320e+01
   1.7098975e+01
   1.7099630e+01
   1.7100285e+01
   1.7100940e+01
   1.7101595e+01
   1.7102250e+01
   1.7102905e+01
   1.7103560e+01
   1.7104215e+01
   1.7104870e+01
   1.7105525e+01
   1.7106180e+01
   1.7106835e+01
   1.7107490e+01
   1.7108145e+01
   1.7108800e+01
   1.7109455e+01
   1.7110110e+01
   1.7110765e+01
   1.7111420e+01
   1.7112075e+01
   1.7112730e+01
   1.7113385e+01
   1.7114040e+01
   1.7114695e+01
   1.7115350e+01
   1.7116005e+01
   1.7116660e+01
   1.7117315e+01
   1.7117970e+01
   1.7118625e+01
   1.7119280e+01
   1.7119935e+01
   1.7120590e+01
   1.7121245e+01
   1.7121900e+01
   1.7122555e+01
   1.7123210e+01
   1.7123865e+01
   1.7124520e+01
   1.7125175e+01
   1.7125830e+01
   1.7126485e+01
   1.7127140e+01
   1.7127795e+01
   1.7128450e+01
   1.7129105e+01
   1.7129760e+01
   1.7130415e+01
   1.7131070e+01
   1.7131725e+01
   1.7132380e+01
   1.7133035e+01
   1.7133690e+01
   1.7134345e+01
   1.7135000e+01
   1.7135655e+01
   1.7136310e+01
   1.7136965e+01
   1.7137620e+01
   1.7138275e+01
   1.7138930e+01
   1.7139585e+01
   1.7140240e+01
   1.7140895e+01
   1.7141550e+01
   1.7142205e+01
   1.7142860e+01
   1.7143515e+01
   1.7144170e+01
   1.7144825e+01
   1.7145480e+01
   1.7146135e+01
   1.7146790e+01
   1.7147445e+01
   1.7148100e+01
   1.7148755e+01
   1.7149410e+01
   1.7150065e+01
   1.7150720e+01
   1.7151375e+01
   1.7152030e+01
   1.7152685e+01
   1.7153340e+01
   1.7153995e+01
   1.7154650e+01
   1.7155305e+01
   1.7155960e+01
   1.7156615e+01
   1.7157270e+01
   1.7157925e+01
   1.7158580e+01
   1.7159235e+01
   1.7159890e+01
   1.7160545e+01
   1.7161200e+01
   1.7161855e+01
   1.7162510e+01
   1.7163165e+01
   1.7163820e+01
   1.7164475e+01
   1.7165130e+01
   1.7165785e+01
   1.7166440e+01
   1.7167095e+01
   1.7167750e+01
   1.7168405e+01
   1.7169060e+01
   1.7169715e+01
   1.7170370e+01
   1.7171025e+01
   1.7171680e+01
   1.7172335e+01
   1.7172990e+01
   1.7173645e+01
   1.7174300e+01
   1.7174955e+01
   1.7175610e+01
   1.7176265e+01
   1.7176920e+01
   1.7177575e+01
   1.7178230e+01
   1.7178885e+01
   1.7179540e+01
   1.7180195e+01
   1.7180850e+01
   1.7181505e+01
   1.7182160e+01
   1.7182815e+01
   1.7183470e+01
   1.7184125e+01
   1.7184780e+01
   1.7185435e+01
   1.7186090e+01
   1.7186745e+01
   1.7187400e+01
   1.7188055e+01
   1.7188710e+01
   1.7189365e+01
   1.7190020e+01
   1.7190675e+01
   1.7191330e+01
   1.7191985e+01
   1.7192640e+01
   1.7193295e+01
   1.7193950e+01
   1.7194605e+01
   1.7195260e+01
   1.7195915e+01
   1.7196570e+01
   1.7197225e+01
   1.7197880e+01
   1.7198535e+01
   1.7199190e+01
   1.7199845e+01
   1.7200500e+01
   1.7201155e+01
   1.7201810e+01
   1.7202465e+01
   1.7203120e+01
   1.7203775e+01
   1.7204430e+01
   1.7205085e+01
   1.7205740e+01
   1.7206395e+01
   1.7207050e+01
   1.7207705e+01
   1.7208360e+01
   1.7209015e+01
   1.7209670e+01
   1.7210325e+01
   1.7210980e+01
   1.7211635e+01
   1.7212290e+01
   1.7212945e+01
   1.7213600e+01
   1.7214255e+01
   1.7214910e+01
   1.7215565e+01
   1.7216220e+01
   1.7216875e+01
   1.7217530e+01
   1.7218185e+01
   1.7218840e+01
   1.7219495e+01
   1.7220150e+01
   1.7220805e+01
   1.7221460e+01
   1.7222115e+01
   1.7222770e+01
   1.7223425e+01
   1.7224080e+01
   1.7224735e+01
   1.7225390e+01
   1.7226045e+01
   1.7226700e+01
   1.7227355e+01
   1.7228010e+01
   1.7228665e+01
   1.7229320e+01
   1.7229975e+01
   1.7230630e+01
   1.7231285e+01
   1.7231940e+01
   1.7232595e+01
   1.7233250e+01
   1.7233905e+01
   1.7234560e+01
   1.7235215e+01
   1.7235870e+01
   1.7236525e+01
   1.7237180e+01
   1.7237835e+01
   1.7238490e+01
   1.7239145e+01
   1.7239800e+01
   1.7240455e+01
   1.7241110e+01
   1.7241765e+01
   1.7242420e+01
   1.7243075e+01
   1.7243730e+01
   1.7244385e+01
   1.7245040e+01
   1.7245695e+01
   1.7246350e+01
   1.7247005e+01
   1.7247660e+01
   1.7248315e+01
   1.7248970e+01
   1.7249625e+01
   1.7250280e+01
   1.7250935e+01
   1.7251590e+01
   1.7252245e+01
   1.7252900e+01
   1.7253555e+01
   1.7254210e+01
   1.7254865e+01
   1.7255520e+01
   1.7256175e+01
   1.7256830e+01
   1.7257485e+01
   1.7258140e+01
   1.7258795e+01
   1.7259450e+01
   1.7260105e+01
   1.7260760e+01
   1.7261415e+01
   1.7262070e+01
   1.7262725e+01
   1.7263380e+01
   1.7264035e+01
   1.7264690e+01
   1.7265345e+01
   1.7266000e+01
   1.7266655e+01
   1.7267310e+01
   1.7267965e+01
   1.7268620e+01
   1.7269275e+01
   1.7269930e+01
   1.7270585e+01
   1.7271240e+01
   1.7271895e+01
   1.7272550e+01
   1.7273205e+01
   1.7273860e+01
   1.7274515e+01
   1.7275170e+01
   1.7275825e+01
   1.7276480e+01
   1.7277135e+01
   1.7277790e+01
   1.7278445e+01
   1.7279100e+01
   1.7279755e+01
   1.7280410e+01
   1.7281065e+01
   1.7281720e+01
   1.7282375e+01
   1.7283030e+01
   1.7283685e+01
   1.7284340e+01
   1.7284995e+01
   1.7285650e+01
   1.7286305e+01
   1.7286960e+01
   1.7287615e+01
   1.7288270e+01
   1.7288925e+01
   1.7289580e+01
   1.7290235e+01
   1.7290890e+01
   1.7291545e+01
   1.7292200e+01
   1.7292855e+01
   1.7293510e+01
   1.7294165e+01
   1.7294820e+01
   1.7295475e+01
   1.7296130e+01
   1.7296785e+01
   1.7297440e+01
   1.7298095e+01
   1.7298750e+01
   1.7299405e+01
   1.7300060e+01
   1.7300715e+01
   1.7301370e+01
   1.7302025e+01
   1.7302680e+01
   1.7303335e+01
   1.7303990e+01
   1.7304645e+01
   1.7305300e+01
   1.7305955e+01
   1.7306610e+01
   1.7307265e+01
   1.7307920e+01
   1.7308575e+01
   1.7309230e+01
   1.7309885e+01
   1.7310540e+01
   1.7311195e+01
   1.7311850e+01
   1.7312505e+01
   1.7313160e+01
   1.7313815e+01
   1.7314470e+01
   1.7315125e+01
   1.7315780e+01
   1.7316435e+01
   1.7317090e+01
   1.7317745e+01
   1.7318400e+01
   1.7319055e+01
   1.7319710e+01
   1.7320365e+01
   1.7321020e+01
   1.7321675e+01
   1.7322330e+01
   1.7322985e+01
   1.7323640e+01
   1.7324295e+01
   1.7324950e+01
   1.7325605e+01
   1.7326260e+01
   1.7326915e+01
   1.7327570e+01
   1.7328225e+01
   1.7328880e+01
   1.7329535e+01
   1.7330190e+01
   1.7330845e+01
   1.7331500e+01
   1.7332155e+01
   1.7332810e+01
   1.7333465e+01
   1.7334120e+01
   1.7334775e+01
   1.7335430e+01
   1.7336085e+01
   1.7336740e+01
   1.7337395e+01
   1.7338050e+01
   1.7338705e+01
   1.7339360e+01
   1.7340015e+01
   1.7340670e+01
   1.7341325e+01
   1.7341980e+01
   1.7342635e+01
   1.7343290e+01
   1.7343945e+01
   1.7344600e+01
   1.7345255e+01
   1.7345910e+01
   1.7346565e+01
   1.7347220e+01
   1.7347875e+01
   1.7348530e+01
   1.7349185e+01
   1.7349840e+01
   1.7350495e+01
   1.7351150e+01
   1.7351805e+01
   1.7352460e+01
   1.7353115e+01
   1.7353770e+01
   1.7354425e+01
   1.7355080e+01
   1.7355735e+01
   1.7356390e+01
   1.7357045e+01
   1.7357700e+01
   1.7358355e+01
   1.7359010e+01
   1.7359665e+01
   1.7360321e+01
   1.7360976e+01
   1.7361631e+01
   1.7362286e+01
   1.7362941e+01
   1.7363596e+01
   1.7364251e+01
   1.7364906e+01
   1.7365561e+01
   1.7366216e+01
   1.7366871e+01
   1.7367526e+01
   1.7368181e+01
   1.7368836e+01
   1.7369491e+01
   1.7370146e+01
   1.7370801e+01
   1.7371456e+01
   1.7372111e+01
   1.7372766e+01
   1.7373421e+01
   1.7374076e+01
   1.7374731e+01
   1.7375386e+01
   1.7376041e+01
   1.7376696e+01
   1.7377351e+01
   1.7378006e+01
   1.7378661e+01
   1.7379316e+01
   1.7379971e+01
   1.7380626e+01
   1.7381281e+01
   1.7381936e+01
   1.7382591e+01
   1.7383246e+01
   1.7383901e+01
   1.7384556e+01
   1.7385211e+01
   1.7385866e+01
   1.7386521e+01
   1.7387176e+01
   1.7387831e+01
